,team,home_goals,home_ga,away_ga,away_goals,home_avg,away_avg,home_ga_avg,away_ga_avg
0,Brynäs IF,74,69,99,58,5.6923076923076925,4.461538461538462,5.3076923076923075,7.615384615384615
1,Djurgårdens IF,85,54,81,52,6.538461538461538,4.0,4.153846153846154,6.230769230769231
2,Frölunda HC,91,54,72,63,7.0,4.846153846153846,4.153846153846154,5.538461538461538
3,Färjestad BK,99,58,88,74,7.615384615384615,5.6923076923076925,4.461538461538462,6.769230769230769
4,HV 71,87,64,66,71,6.6923076923076925,5.461538461538462,4.923076923076923,5.076923076923077
5,IF Malmö Redhawks,70,58,72,61,5.384615384615385,4.6923076923076925,4.461538461538462,5.538461538461538
6,IK Oskarshamn,62,75,105,48,4.769230769230769,3.6923076923076925,5.769230769230769,8.076923076923077
7,Leksands IF,59,74,94,56,4.538461538461538,4.3076923076923075,5.6923076923076925,7.230769230769231
8,Linköping HC,67,66,73,51,5.153846153846154,3.923076923076923,5.076923076923077,5.615384615384615
9,Luleå HF,87,40,58,64,6.6923076923076925,4.923076923076923,3.076923076923077,4.461538461538462
10,Rögle BK,81,55,68,68,6.230769230769231,5.230769230769231,4.230769230769231,5.230769230769231
11,Skellefteå AIK,85,54,68,64,6.538461538461538,4.923076923076923,4.153846153846154,5.230769230769231
12,Växjö Lakers HC,71,59,84,56,5.461538461538462,4.3076923076923075,4.538461538461538,6.461538461538462
13,Örebro HK,80,63,70,57,6.153846153846154,4.384615384615385,4.846153846153846,5.384615384615385
